% -------------------------------------------------------------------------------------------
% HOYA Glass Catalog
% -------------------------------------------------------------------------------------------
% Date:                   2013-10-01
% Source:                 http://www.hoyaoptics.com/products/document_library.htm
%                         HOYA20131001.xls
% Dispersion Formula:     Schott  [ n^2 = A0 + A1*L^2 + A2*L^-2 + A3*L^-4 + A4*L^-6 + A5*L^-8]
% Valid Wavelength Range: See HOYA Data Sheets  (362nm - 1014nm)
% -------------------------------------------------------------------------------------------
% $HeadURL: file:///C:/svn_Master/svn_macos/trunk/RxGen/HOYA_2013.txt $
% $Revision: 1032 $
% $Id: HOYA_2013.txt 1032 2013-10-22 20:17:20Z Pegasus $
% -------------------------------------------------------------------------------------------
% Name	A0	A1	A2	A3	A4	A5
%/
FC5	2.18940540E+000	-9.90449080E-003	8.64033700E-003	2.22630670E-004	-1.22919420E-005	5.93863490E-007
FCD1	2.21811320E+000	-5.79942700E-003	8.34706790E-003	6.50465230E-005	8.51421860E-006	-5.88522690E-007
FCD100	2.04821570E+000	-4.32112220E-003	6.18267550E-003	3.14114800E-005	3.53707930E-006	-1.66944970E-007
FCD505	2.50235500E+000	-7.20800420E-003	1.20127430E-002	3.49208420E-004	-2.47296760E-005	1.38015670E-006
FCD515	2.50235500E+000	-7.20800420E-003	1.20127430E-002	3.49208420E-004	-2.47296760E-005	1.38015670E-006
PCD4	2.58070450E+000	-1.09575380E-002	1.26894300E-002	6.63878120E-004	-6.48496640E-005	3.47878630E-006
PCD51	2.50466380E+000	-1.01494480E-002	1.26537690E-002	1.65666420E-004	5.38717470E-007	5.58409300E-008
BSC7	2.27025660E+000	-9.19881010E-003	1.16097060E-002	-7.61239110E-005	2.85587270E-005	-1.25664860E-006
E-C3	2.27254520E+000	-8.41049100E-003	1.13068430E-002	3.77822970E-004	-2.69034230E-005	1.59764890E-006
BAC4	2.41966450E+000	-8.33293140E-003	1.53973900E-002	-1.73916540E-004	6.21832200E-005	-3.06213100E-006
BACD5	2.48614990E+000	-9.56848450E-003	1.46850590E-002	-1.12164870E-004	4.19787770E-005	-1.88561900E-006
BACD14	2.53352560E+000	-1.19033380E-002	1.22572490E-002	7.91721490E-004	-7.73818290E-005	3.99354410E-006
BACD16	2.58598980E+000	-1.19404320E-002	1.39955020E-002	4.89745020E-004	-3.91207170E-005	2.26119150E-006
BACD18	2.63652770E+000	-9.75584640E-003	1.71436650E-002	2.25924970E-004	3.08553420E-006	4.58319170E-007
BACED5	2.69342450E+000	-8.63701400E-003	2.04964500E-002	-9.32054530E-005	6.27097470E-005	-2.08346520E-006
LAC8	2.87785370E+000	-1.38329060E-002	2.03011850E-002	2.77598710E-004	5.90598300E-006	1.77476470E-007
LAC14	2.82552290E+000	-1.36329020E-002	1.97914020E-002	1.50325640E-005	4.07613680E-005	-1.75272670E-006
TAC8	2.93241780E+000	-1.46031560E-002	2.11216360E-002	4.82401440E-005	4.96694750E-005	-2.49044910E-006
E-CF6	2.26689120E+000	-9.38662120E-003	1.21741950E-002	5.07690300E-004	-3.35734140E-005	2.90590130E-006
E-FEL1	2.35344840E+000	-1.03304380E-002	1.40973250E-002	8.71678750E-004	-6.99819700E-005	5.78673590E-006
E-FEL2	2.33179830E+000	-9.70421920E-003	1.40327610E-002	6.48228960E-004	-4.08137610E-005	3.90648730E-006
E-FL5	2.44657540E+000	-1.01070410E-002	1.77591320E-002	8.79702590E-004	-5.70149290E-005	6.09246630E-006
E-FL6	2.40796530E+000	-1.11356380E-002	1.57047150E-002	9.91865070E-004	-7.99346530E-005	7.09854730E-006
E-F2	2.55618220E+000	-1.02370380E-002	2.24703480E-002	8.45806790E-004	-3.30870890E-005	7.10549190E-006
E-F5	2.50956730E+000	-1.08626610E-002	1.98947740E-002	1.01371340E-003	-6.26971170E-005	7.50800450E-006
E-FD1	2.85084990E+000	-1.32346100E-002	2.94153250E-002	2.55426660E-003	-2.12321330E-004	2.22619360E-005
E-FD2	2.63996440E+000	-1.16457180E-002	2.30617330E-002	1.73482190E-003	-1.39860590E-004	1.39166700E-005
E-FD4	2.96731730E+000	-1.39895650E-002	3.34566800E-002	3.07178040E-003	-2.66824350E-004	2.89502410E-005
E-FD5	2.71358390E+000	-1.14197190E-002	2.61337080E-002	1.75764790E-003	-1.33077370E-004	1.52033510E-005
E-FD8	2.76175860E+000	-1.12540390E-002	2.82217370E-002	1.75403150E-003	-1.21270530E-004	1.55223840E-005
E-FD10	2.88151800E+000	-1.32283120E-002	3.14555900E-002	2.68516660E-003	-2.25775440E-004	2.46932680E-005
E-FD13	2.92059060E+000	-1.36816180E-002	3.25677600E-002	2.87255190E-003	-2.42771070E-004	2.66145140E-005
E-FD15	2.79199430E+000	-1.23112060E-002	2.88027410E-002	2.14300590E-003	-1.69321190E-004	1.97417660E-005
FD60	3.11714830E+000	-1.16162770E-002	4.48649750E-002	1.65884910E-003	2.57168540E-005	1.47576570E-005
FD60-W	3.11714830E+000	-1.16162770E-002	4.48649750E-002	1.65884910E-003	2.57168540E-005	1.47576570E-005
FD110	3.05344150E+000	-1.27518100E-002	4.06093690E-002	2.27061090E-003	-7.80866060E-005	1.98740260E-005
FD140	2.98512940E+000	-1.42379880E-002	3.54964370E-002	2.84575570E-003	-1.90067990E-004	2.43092520E-005
FDS24	3.51263270E+000	-1.53015000E-002	5.39360610E-002	3.49493690E-003	-1.79502950E-004	3.44031810E-005
FDS90	3.26063210E+000	-1.77803980E-002	4.09029380E-002	5.60769340E-003	-5.64340390E-004	5.47633910E-005
FDS90-SG	3.26063210E+000	-1.77803980E-002	4.09029380E-002	5.60769340E-003	-5.64340390E-004	5.47633910E-005
FDS90(P)	3.25656190E+000	-1.58039650E-002	4.43303220E-002	4.36200980E-003	-3.69122610E-004	4.29996820E-005
E-FDS1	3.50446390E+000	-2.03338330E-002	5.38027000E-002	6.28741920E-003	-5.69221760E-004	7.35593870E-005
E-FDS1-W	3.50446390E+000	-2.03338330E-002	5.38027000E-002	6.28741920E-003	-5.69221760E-004	7.35593870E-005
E-FDS2	3.76726030E+000	-1.70012270E-002	6.98496340E-002	6.38628920E-003	-5.08125390E-004	8.44555290E-005
E-FDS3	4.11203870E+000	-1.82276700E-002	8.98521050E-002	7.87144000E-003	-5.22280080E-004	1.17730610E-004
FDS18	3.56378400E+000	-2.54496440E-002	5.84016590E-002	9.23109830E-003	-9.54997270E-004	1.17774560E-004
FF5	2.47433240E+000	-1.09553380E-002	1.92938010E-002	1.44977320E-003	-1.10387440E-004	1.11360080E-005
FF8	2.95643610E+000	-1.97621950E-002	2.98788230E-002	5.18308520E-003	-5.42023890E-004	4.84632450E-005
BAFD7	2.82172110E+000	-9.72654830E-003	2.43459790E-002	7.84063050E-004	-2.24314970E-005	4.67260290E-006
BAFD8	2.88632360E+000	-9.80272400E-003	2.76542560E-002	8.90063670E-004	-3.63091090E-005	7.61810620E-006
LAF2	2.96573740E+000	-9.65716240E-003	2.60245250E-002	3.66846410E-004	2.82055510E-005	-1.37399290E-007
NBF1	2.97534910E+000	-1.46134700E-002	2.10963830E-002	1.19803800E-003	-1.18873880E-004	7.34443500E-006
NBFD3	3.16337460E+000	-1.32762800E-002	3.11333090E-002	8.35233800E-004	2.99804990E-006	2.55688530E-006
NBFD10	3.26155730E+000	-1.45428510E-002	3.34707390E-002	1.22664790E-003	-2.53918420E-005	5.59717390E-006
NBFD11	3.10102670E+000	-1.00221080E-002	3.26316870E-002	-8.10292680E-004	1.93501100E-004	-8.02797990E-006
NBFD13	3.17292230E+000	-1.42485340E-002	2.91681140E-002	1.34287600E-003	-9.61787530E-005	8.40425560E-006
NBFD15	3.15400110E+000	-1.32567530E-002	3.41033120E-002	1.84721670E-003	-1.08073320E-004	1.29759010E-005
NBFD15-W	3.15400110E+000	-1.32567530E-002	3.41033120E-002	1.84721670E-003	-1.08073320E-004	1.29759010E-005
TAF1	3.07363780E+000	-1.55012840E-002	2.36276990E-002	6.63008520E-004	-2.83534380E-005	2.20907990E-006
TAF3	3.17437070E+000	-1.41104660E-002	2.88626370E-002	3.35594900E-005	8.04221090E-005	-2.89567440E-006
TAFD5F	3.27554600E+000	-1.44703540E-002	3.09220620E-002	7.32899810E-004	4.65733070E-006	1.82427460E-006
TAFD25	3.49055280E+000	-1.63257710E-002	4.11463220E-002	2.71691240E-003	-1.82605180E-004	2.06418620E-005
TAFD30	3.44190380E+000	-1.41752450E-002	3.43510400E-002	1.17522710E-003	-3.90103430E-005	3.74170540E-006
TAFD33	3.43169550E+000	-1.31562730E-002	3.56318620E-002	9.13781090E-004	-4.03668860E-006	3.38676880E-006
TAFD35	3.52747470E+000	-1.48399480E-002	3.97454020E-002	1.80347200E-003	-8.92793340E-005	1.13777830E-005
TAFD37	3.49433690E+000	-1.36476240E-002	3.88331700E-002	1.11325550E-003	-7.40223700E-006	5.30277540E-006
TAFD40	3.81062320E+000	-1.63515650E-002	5.88010970E-002	3.49190260E-003	-1.69481100E-004	3.25693330E-005
TAFD45	3.67296200E+000	-1.51805000E-002	4.57187000E-002	2.18622100E-003	-9.93742000E-005	1.49046600E-005
TAFD55	3.83175780E+000	-1.52663970E-002	5.45738430E-002	2.31093460E-003	-4.44762010E-005	1.61438870E-005
BACD2	2.53932550E+000	-8.72078830E-003	1.59095660E-002	8.81630360E-005	2.58765930E-005	-1.17335230E-006
BACD4	2.55846210E+000	-9.74572830E-003	1.51104950E-002	2.32733330E-004	1.11372490E-006	1.64247670E-007
BACD11	2.40951630E+000	-9.19044150E-003	1.29399680E-002	2.34614300E-004	-1.11305890E-005	1.01318630E-006
BACD15	2.58648320E+000	-8.03578290E-003	1.80805730E-002	-4.59741720E-004	8.84843210E-005	-3.75447650E-006
BAF10	2.73246210E+000	-1.24904600E-002	1.85623340E-002	9.99905360E-004	-6.83885520E-005	4.92579310E-006
BAF11	2.72729550E+000	-1.34702360E-002	1.48092710E-002	1.96153350E-003	-1.97876630E-004	1.08511170E-005
E-ADF10	2.55289830E+000	-1.57093640E-002	1.56476880E-002	1.44616410E-003	-1.44588790E-004	9.52757330E-006
E-ADF50	2.66804220E+000	-1.31842580E-002	2.39304790E-002	2.39286550E-004	5.06979410E-005	9.12409580E-007
E-BACD10	2.59063260E+000	-1.06089940E-002	1.44909160E-002	6.75422470E-004	-5.53031160E-005	3.00613640E-006
E-BACED20	2.66675370E+000	-9.73192590E-003	1.74362840E-002	4.75580150E-004	-1.71449890E-005	1.10495890E-006
E-BAF8	2.58011210E+000	-7.97179450E-003	1.97280540E-002	1.38760760E-004	3.76320710E-005	-7.46347170E-007
E-F1	2.57305650E+000	-1.02036050E-002	2.30957840E-002	8.71142520E-004	-3.07300790E-005	6.94579860E-006
E-F3	2.53626970E+000	-1.06104240E-002	2.12338210E-002	9.90121050E-004	-5.99843480E-005	8.23543660E-006
E-F8	2.48665610E+000	-1.01884840E-002	1.92874170E-002	8.85537370E-004	-5.09371060E-005	6.42569560E-006
E-FD7	2.61658650E+000	-1.14278540E-002	2.25343610E-002	1.55128900E-003	-1.17698520E-004	1.24018910E-005
E-FEL6	2.30689460E+000	-9.68887550E-003	1.30970200E-002	6.50139270E-004	-4.23282220E-005	3.58887770E-006
E-LAF7	2.97041780E+000	-1.32906790E-002	2.83590060E-002	1.76617860E-003	-1.24534820E-004	1.39519370E-005
FCD10A	2.10858880E+000	-4.65537220E-003	6.95474800E-003	3.21841410E-005	5.26709460E-006	-2.71648440E-007
FCD10	2.10324900E+000	-5.02479880E-003	6.53230770E-003	1.30784050E-004	-6.36520720E-006	1.92547450E-007
LAC7	2.68762230E+000	-1.43751870E-002	1.25459540E-002	1.46422950E-003	-1.69824610E-004	8.80486390E-006
LAC9	2.80815230E+000	-1.41678850E-002	1.76937070E-002	7.67887590E-004	-7.48861740E-005	4.70447560E-006
LAC10	2.89519980E+000	-1.17012180E-002	2.21264850E-002	3.84947910E-004	-7.98083020E-006	1.50351160E-006
LAC12	2.76348440E+000	-1.10683390E-002	1.82464420E-002	3.76973560E-004	-1.77886550E-005	1.53142620E-006
LAC13	2.81253160E+000	-1.29152710E-002	1.99603390E-002	1.98778880E-004	1.76470610E-005	-4.47676320E-007
LACL60	2.64908840E+000	-1.41598690E-002	1.44511350E-002	5.27078730E-004	-4.34475230E-005	2.46129710E-006
LAF3	2.87897990E+000	-8.72923700E-003	2.44256560E-002	4.54917730E-005	4.28029280E-005	-7.28343060E-007
LBC3N	2.53884840E+000	-6.68558650E-003	1.51114560E-002	-1.52472410E-004	4.83401160E-005	-2.40617850E-006
NBFD12	3.15136550E+000	-1.30520150E-002	2.95021110E-002	6.76434370E-004	3.66797010E-006	1.82332930E-006
TAC2	2.97171370E+000	-1.49525930E-002	2.01628680E-002	9.40722830E-004	-8.86141040E-005	5.31912420E-006
TAC4	2.94256450E+000	-1.32665540E-002	2.35592230E-002	-1.63990090E-004	9.23707590E-005	-4.86159820E-006
TAC6	3.01821840E+000	-1.53816330E-002	2.15201370E-002	6.46083030E-004	-3.23557480E-005	2.07915930E-006
TAF2	3.14155640E+000	-1.43703040E-002	2.64830510E-002	9.56427140E-004	-5.94110870E-005	4.70395300E-006
TAF4	3.12122810E+000	-1.41199090E-002	2.65206220E-002	4.04157630E-004	1.42606340E-005	3.16425600E-007
TAF5	3.21915710E+000	-1.53105620E-002	2.63625700E-002	1.05344520E-003	-6.16604120E-005	3.97338970E-006
M-FCD1	2.21890680E+000	-6.17070650E-003	8.08876310E-003	1.33577820E-004	1.94761860E-007	-2.25778040E-007
MP-FCD1-M20	2.22094180E+000	-7.48303720E-003	6.24633920E-003	7.11577590E-004	-8.22742540E-005	4.04305460E-006
MC-FCD1-M20	2.22094180E+000	-7.48303720E-003	6.24633920E-003	7.11577590E-004	-8.22742540E-005	4.04305460E-006
M-FCD500	2.38415540E+000	-7.80844230E-003	9.71308830E-003	4.99598890E-004	-4.73032240E-005	2.32054410E-006
MP-FCD500-20	2.38504270E+000	-7.91426900E-003	9.48868520E-003	5.79800930E-004	-6.00116770E-005	3.03554220E-006
MC-FCD500-20	2.38504270E+000	-7.91426900E-003	9.48868520E-003	5.79800930E-004	-6.00116770E-005	3.03554220E-006
M-PCD4	2.58233500E+000	-9.95203900E-003	1.32918400E-002	4.55062100E-004	-3.32713200E-005	1.73017200E-006
MP-PCD4-40	2.58314710E+000	-9.75023440E-003	1.36153740E-002	3.63461220E-004	-2.11870820E-005	1.15361320E-006
M-PCD51	2.50202600E+000	-1.10829200E-002	1.12772000E-002	5.71540800E-004	-5.58745500E-005	2.90529200E-006
MP-PCD51-70	2.50254360E+000	-1.03214370E-002	1.24336360E-002	2.18665350E-004	-5.57939770E-006	3.01883830E-007
MC-PCD51-70	2.50254360E+000	-1.03214370E-002	1.24336360E-002	2.18665350E-004	-5.57939770E-006	3.01883830E-007
M-BACD5N	2.48951000E+000	-1.22449600E-002	1.29426200E-002	3.49044900E-004	-1.77722800E-005	9.11371900E-007
MP-BACD5N	2.48951000E+000	-1.22449600E-002	1.29426200E-002	3.49044900E-004	-1.77722800E-005	9.11371900E-007
MC-BACD5N	2.48951000E+000	-1.22449600E-002	1.29426200E-002	3.49044900E-004	-1.77722800E-005	9.11371900E-007
M-BACD12	2.46878100E+000	-1.06263900E-002	1.32518400E-002	4.04861200E-004	-2.97479900E-005	1.82588400E-006
MP-BACD12	2.46878100E+000	-1.06263900E-002	1.32518400E-002	4.04861200E-004	-2.97479900E-005	1.82588400E-006
MC-BACD12	2.46878100E+000	-1.06263900E-002	1.32518400E-002	4.04861200E-004	-2.97479900E-005	1.82588400E-006
M-BACD15	2.59091900E+000	-1.25947600E-002	1.52020500E-002	2.99998000E-004	-1.13154700E-005	9.15464000E-007
MP-BACD15	2.59091900E+000	-1.25947600E-002	1.52020500E-002	2.99998000E-004	-1.13154700E-005	9.15464000E-007
M-LAC8	2.88174810E+000	-1.57308040E-002	1.76904930E-002	1.05266900E-003	-9.90930800E-005	5.52483780E-006
MP-LAC8-30	2.88274980E+000	-1.57407890E-002	1.77079760E-002	1.04832650E-003	-9.83328110E-005	5.48286850E-006
M-LAC14	2.82783860E+000	-1.47739390E-002	1.82117330E-002	4.93119640E-004	-2.54868860E-005	1.67954870E-006
MP-LAC14-80	2.83067330E+000	-1.48558630E-002	1.81034720E-002	5.35399710E-004	-3.19297780E-005	2.03409830E-006
M-LAC130	2.81341200E+000	-1.33244800E-002	1.92786500E-002	4.12445200E-004	-9.94043200E-006	9.62202400E-007
MP-LAC130	2.81341200E+000	-1.33244800E-002	1.92786500E-002	4.12445200E-004	-9.94043200E-006	9.62202400E-007
MC-LAC130	2.81341200E+000	-1.33244800E-002	1.92786500E-002	4.12445200E-004	-9.94043200E-006	9.62202400E-007
M-TAC60	3.01786600E+000	-1.57909340E-002	2.11447020E-002	9.31373890E-004	-6.93799140E-005	4.02762000E-006
MP-TAC60-90	3.02092140E+000	-1.57801000E-002	2.11425300E-002	9.55565540E-004	-7.44898190E-005	4.36063200E-006
M-TAC80	2.93519480E+000	-1.61934580E-002	1.83922870E-002	1.00861670E-003	-8.75654740E-005	4.69213330E-006
MP-TAC80-60	2.93721280E+000	-1.61857890E-002	1.83951400E-002	1.02660710E-003	-9.23798720E-005	5.05092370E-006
M-FD80	2.76163800E+000	-1.13263300E-002	2.86534600E-002	1.52903800E-003	-8.74357700E-005	1.49657900E-005
MP-FD80	2.76163800E+000	-1.13263300E-002	2.86534600E-002	1.52903800E-003	-8.74357700E-005	1.49657900E-005
M-FDS1	3.49842240E+000	-1.68954200E-002	5.75670780E-002	5.16936680E-003	-3.99663100E-004	6.23685820E-005
MP-FDS1	3.49842240E+000	-1.68954200E-002	5.75670780E-002	5.16936680E-003	-3.99663100E-004	6.23685820E-005
M-FDS2	3.77158100E+000	-2.04453640E-002	6.39425790E-002	8.35454700E-003	-8.20319840E-004	1.02795070E-004
MP-FDS2	3.77158100E+000	-2.04453640E-002	6.39425790E-002	8.35454700E-003	-8.20319840E-004	1.02795070E-004
MC-FDS2	3.77158100E+000	-2.04453640E-002	6.39425790E-002	8.35454700E-003	-8.20319840E-004	1.02795070E-004
M-FDS910	3.16598700E+000	-1.34919600E-002	4.64991800E-002	2.47141300E-003	-8.65959600E-005	2.72592700E-005
MP-FDS910-50	3.16679020E+000	-1.31414160E-002	4.71786560E-002	2.26842840E-003	-5.36723870E-005	2.53284220E-005
MC-FDS910-50	3.16679020E+000	-1.31414160E-002	4.71786560E-002	2.26842840E-003	-5.36723870E-005	2.53284220E-005
M-LAF81	2.91678860E+000	-1.23981990E-002	2.66752370E-002	6.51905040E-004	4.69561750E-006	2.69105400E-006
MP-LAF81	2.91678860E+000	-1.23981990E-002	2.66752370E-002	6.51905040E-004	4.69561750E-006	2.69105400E-006
M-NBF1	2.97524500E+000	-1.42501600E-002	2.14007400E-002	9.75533700E-004	-6.97953000E-005	4.11492400E-006
MP-NBF1	2.97524500E+000	-1.42501600E-002	2.14007400E-002	9.75533700E-004	-6.97953000E-005	4.11492400E-006
MC-NBF1	2.97524500E+000	-1.42501600E-002	2.14007400E-002	9.75533700E-004	-6.97953000E-005	4.11492400E-006
M-NBFD10	3.26462300E+000	-1.58197700E-002	3.22589400E-002	1.70931200E-003	-1.08195700E-004	1.05832300E-005
MP-NBFD10-20	3.27225860E+000	-1.88172110E-002	2.72645080E-002	3.27891930E-003	-3.28276720E-004	2.17433620E-005
M-NBFD130	3.17379400E+000	-1.49865800E-002	2.90674100E-002	1.20482900E-003	-5.35515800E-005	5.27135000E-006
MP-NBFD130	3.17379400E+000	-1.49865800E-002	2.90674100E-002	1.20482900E-003	-5.35515800E-005	5.27135000E-006
MC-NBFD135	3.18196980E+000	-1.49265220E-002	2.89876490E-002	1.22236540E-003	-5.29166880E-005	4.78072270E-006
M-TAF1	3.07080600E+000	-1.22769240E-002	2.45656600E-002	4.74366480E-004	5.43261600E-007	6.59766610E-007
MC-TAF1	3.07080600E+000	-1.22769240E-002	2.45656600E-002	4.74366480E-004	5.43261600E-007	6.59766610E-007
M-TAF31	3.16435800E+000	-1.40332100E-002	2.76703400E-002	6.40302500E-004	-6.34923400E-006	1.61574400E-006
MP-TAF31-15	3.16447500E+000	-1.38012950E-002	2.79262760E-002	5.74030000E-004	9.82237730E-007	1.32842440E-006
MC-TAF31-15	3.16447500E+000	-1.38012950E-002	2.79262760E-002	5.74030000E-004	9.82237730E-007	1.32842440E-006
M-TAF101	3.05615000E+000	-1.38471000E-002	2.43112600E-002	4.98002700E-004	-7.31867600E-006	1.24041000E-006
MP-TAF101-100	3.05915660E+000	-1.36047170E-002	2.46242720E-002	4.18342420E-004	2.53619080E-006	7.99808200E-007
MC-TAF101-100	3.05915660E+000	-1.36047170E-002	2.46242720E-002	4.18342420E-004	2.53619080E-006	7.99808200E-007
M-TAF105	3.07056380E+000	-1.33102340E-002	2.52803550E-002	2.18292340E-004	3.25552930E-005	-8.13004210E-007
MP-TAF105	3.07056380E+000	-1.33102340E-002	2.52803550E-002	2.18292340E-004	3.25552930E-005	-8.13004210E-007
MC-TAF105	3.07056380E+000	-1.33102340E-002	2.52803550E-002	2.18292340E-004	3.25552930E-005	-8.13004210E-007
M-TAF401	3.07279000E+000	-1.36638500E-002	2.52734600E-002	6.12182000E-004	-1.14704500E-005	1.54300000E-006
MP-TAF401	3.07279000E+000	-1.36638500E-002	2.52734600E-002	6.12182000E-004	-1.14704500E-005	1.54300000E-006
MC-TAF401	3.07279000E+000	-1.36638500E-002	2.52734600E-002	6.12182000E-004	-1.14704500E-005	1.54300000E-006
M-TAFD51	3.22768200E+000	-1.45381600E-002	2.92121000E-002	1.05706200E-003	-4.78716200E-005	4.55723900E-006
MP-TAFD51-50	3.22880520E+000	-1.44330460E-002	2.98634880E-002	8.21192820E-004	-1.09434920E-005	2.58049390E-006
MC-TAFD51-50	3.22880520E+000	-1.44330460E-002	2.98634880E-002	8.21192820E-004	-1.09434920E-005	2.58049390E-006
M-TAFD305	3.32718400E+000	-1.34324200E-002	3.33980000E-002	1.00604700E-003	-2.13690800E-005	3.97256100E-006
MP-TAFD305	3.32718400E+000	-1.34324200E-002	3.33980000E-002	1.00604700E-003	-2.13690800E-005	3.97256100E-006
MC-TAFD305	3.32718400E+000	-1.34324200E-002	3.33980000E-002	1.00604700E-003	-2.13690800E-005	3.97256100E-006
M-TAFD307	3.42860620E+000	-1.38453330E-002	3.73630090E-002	1.18945540E-003	-1.59799790E-005	5.18273980E-006
MP-TAFD307	3.42860620E+000	-1.38453330E-002	3.73630090E-002	1.18945540E-003	-1.59799790E-005	5.18273980E-006
MC-TAFD307	3.42860620E+000	-1.38453330E-002	3.73630090E-002	1.18945540E-003	-1.59799790E-005	5.18273980E-006
